0.0 0 0 0 0 0
0.0 0 0 0 0 0
0.0 0 0 0 0 0
0.0 0 0 0 0 0
0.0 0 0 0 0 0
0.0 0 0 0 0 0
0.0 0 0 0 0 0
0.0 0 0 0 0 0
0.0 0 0 0 0 0
0.0 0 0 0 0 0
0.0 0 0 0 0 0
0.0 0 0 0 0 0
0.0 0 0 0 0 0
0.0 0 0 0 0 0
0.0 0 0 0 0 0
0.0 0 0 0 0 0
0.0 0 0 0 0 0
0.0 0 0 0 0 0
0.0 0 0 0 0 0
0.0 0 0 0 0 0
0.0 0 0 0 0 0
0.0 0 0 0 0 0
0.0 0 0 0 0 0
0.0 0 0 0 0 0
0.0 0 0 0 0 0
0.0 0 0 0 0 0
0.0 0 0 0 0 0
0.0 0 0 0 0 0
1.0 0 0.0 0.875 0.75 0.578125
0.0 0 0 0 0 0
0.0 0 0 0 0 0
0.0 0 0 0 0 0
0.0 0 0 0 0 0
0.0 0 0 0 0 0
0.0 0 0 0 0 0
0.0 0 0 0 0 0
0.0 0 0 0 0 0
0.0 0 0 0 0 0
0.0 0 0 0 0 0
0.0 0 0 0 0 0
0.0 0 0 0 0 0
0.0 0 0 0 0 0
0.0 0 0 0 0 0
0.0 0 0 0 0 0
0.0 0 0 0 0 0
0.0 0 0 0 0 0
0.0 0 0 0 0 0
0.0 0 0 0 0 0
0.0 0 0 0 0 0
0.0 0 0 0 0 0
0.0 0 0 0 0 0
0.0 0 0 0 0 0
0.0 0 0 0 0 0
0.0 0 0 0 0 0
0.0 0 0 0 0 0
0.0 0 0 0 0 0
0.0 0 0 0 0 0
0.0 0 0 0 0 0
0.0 0 0 0 0 0
0.0 0 0 0 0 0
0.0 0 0 0 0 0
0.0 0 0 0 0 0
0.0 0 0 0 0 0
0.0 0 0 0 0 0
