0.0 0 0 0 0 0
0.0 0 0 0 0 0
0.0 0 0 0 0 0
0.0 0 0 0 0 0
0.0 0 0 0 0 0
0.0 0 0 0 0 0
0.0 0 0 0 0 0
0.0 0 0 0 0 0
0.0 0 0 0 0 0
0.0 0 0 0 0 0
0.0 0 0 0 0 0
0.0 0 0 0 0 0
0.0 0 0 0 0 0
0.0 0 0 0 0 0
0.0 0 0 0 0 0
0.0 0 0 0 0 0
0.0 0 0 0 0 0
0.0 0 0 0 0 0
0.0 0 0 0 0 0
0.0 0 0 0 0 0
0.0 0 0 0 0 0
0.0 0 0 0 0 0
0.0 0 0 0 0 0
0.0 0 0 0 0 0
0.0 0 0 0 0 0
0.0 0 0 0 0 0
0.0 0 0 0 0 0
1.0 0 0.875 0.875 0.71875 0.5625
0.0 0 0 0 0 0
0.0 0 0 0 0 0
0.0 0 0 0 0 0
0.0 0 0 0 0 0
0.0 0 0 0 0 0
0.0 0 0 0 0 0
0.0 0 0 0 0 0
0.0 0 0 0 0 0
0.0 0 0 0 0 0
0.0 0 0 0 0 0
0.0 0 0 0 0 0
0.0 0 0 0 0 0
0.0 0 0 0 0 0
0.0 0 0 0 0 0
0.0 0 0 0 0 0
0.0 0 0 0 0 0
0.0 0 0 0 0 0
0.0 0 0 0 0 0
0.0 0 0 0 0 0
0.0 0 0 0 0 0
0.0 0 0 0 0 0
0.0 0 0 0 0 0
0.0 0 0 0 0 0
0.0 0 0 0 0 0
0.0 0 0 0 0 0
0.0 0 0 0 0 0
0.0 0 0 0 0 0
0.0 0 0 0 0 0
0.0 0 0 0 0 0
0.0 0 0 0 0 0
0.0 0 0 0 0 0
0.0 0 0 0 0 0
0.0 0 0 0 0 0
0.0 0 0 0 0 0
0.0 0 0 0 0 0
0.0 0 0 0 0 0
