0.0 0 0 0 0 0
0.0 0 0 0 0 0
0.0 0 0 0 0 0
0.0 0 0 0 0 0
0.0 0 0 0 0 0
0.0 0 0 0 0 0
0.0 0 0 0 0 0
0.0 0 0 0 0 0
0.0 0 0 0 0 0
0.0 0 0 0 0 0
0.0 0 0 0 0 0
0.0 0 0 0 0 0
0.0 0 0 0 0 0
0.0 0 0 0 0 0
0.0 0 0 0 0 0
0.0 0 0 0 0 0
0.0 0 0 0 0 0
0.0 0 0 0 0 0
0.0 0 0 0 0 0
0.0 0 0 0 0 0
0.0 0 0 0 0 0
0.0 0 0 0 0 0
0.0 0 0 0 0 0
0.0 0 0 0 0 0
0.0 0 0 0 0 0
0.0 0 0 0 0 0
0.0 0 0 0 0 0
1.0 0 0.75 0.75 0.734375 0.609375
0.0 0 0 0 0 0
0.0 0 0 0 0 0
0.0 0 0 0 0 0
0.0 0 0 0 0 0
0.0 0 0 0 0 0
0.0 0 0 0 0 0
0.0 0 0 0 0 0
0.0 0 0 0 0 0
0.0 0 0 0 0 0
0.0 0 0 0 0 0
0.0 0 0 0 0 0
0.0 0 0 0 0 0
0.0 0 0 0 0 0
0.0 0 0 0 0 0
0.0 0 0 0 0 0
0.0 0 0 0 0 0
0.0 0 0 0 0 0
0.0 0 0 0 0 0
0.0 0 0 0 0 0
0.0 0 0 0 0 0
0.0 0 0 0 0 0
0.0 0 0 0 0 0
0.0 0 0 0 0 0
0.0 0 0 0 0 0
0.0 0 0 0 0 0
0.0 0 0 0 0 0
0.0 0 0 0 0 0
0.0 0 0 0 0 0
0.0 0 0 0 0 0
0.0 0 0 0 0 0
0.0 0 0 0 0 0
0.0 0 0 0 0 0
0.0 0 0 0 0 0
0.0 0 0 0 0 0
0.0 0 0 0 0 0
0.0 0 0 0 0 0
